2.1846825424502
2.457808941443
1.480941161384
0.76316055652485
3.4828410593976
6.8949190666293
2.7524450999759
4.7264397622121
5.9893686565827
4.5726958180229
2.7815856097527
0.43233246236195
4.3831629959223
6.2007204589441
8.264505954411
5.6302679285131
4.5343907675779
1.6017187873781
7.4871835520401
1.1890073222249
3.4265658072053
5.1063222483039
6.7853896250269
6.3430464412066
5.8851274408903
1.144338558909
7.3092977932457
7.5272421502293
7.2154410062664
4.823246300009
6.4217847775122
1.8454272793308
1.8963254975549
6.4591053897462
6.8043883385406
7.0828613180677
0.61521776599594
5.6885026629634
3.9255144693811
8.9557474413733
8.7007431914371
5.6416778389506
2.729457535945
2.5536337665212
3.5677454323806
4.6532828796042
0.93507782822632
2.9925129872847
5.6679923127034
5.3154363973783
1.0933780831591
6.8734485222739
4.8018553363691
8.7291537898488
0.12484589814381
5.4638607711592
0.97379142395125
3.2543484652462
5.0743483161291
0.83618925270736
4.3320149942643
5.1171502969565
2.2860347153266
3.5936029886903
4.3027280221548
6.2494397467394
3.0560736625745
1.8142851555518
7.6564115480105
6.999791404107
0.68948495677626
4.1758545319773
2.2124148534359
8.2328304277404
2.6735236890686
5.3200523405507
7.3390161285825
1.1079748035698
1.6016030075502
5.3417333691619
1.710080867433
7.567070523142
5.7132898548566
8.5396603323813
1.6502747788474
0.43432843059061
3.8132509242512
5.8414757941352
0.27640941917181
2.2804488865196
5.1721418392033
4.5925509003998
1.8030166474282
3.6201667314734
0.013874381360353
3.016191556946
8.3849452556521
4.285015018865
4.1415503247725
5.7135567008999
729440995
